0,55,22,
1,69,31,
2,55,53,
3,71,53,
4,33,85,
5,40,96,
6,47,107,
7,72,85,
8,88,85,
9,124,52,
10,112,62,
11,119,80,
12,146,76,
13,94,31,
14,133,115,
15,120,126,
16,88,112,
17,105,99,
18,20,52,
19,20,22,
20,64,31,
21,64,62,
22,38,62,
23,42,84,
24,42,94,
25,81,94,
26,75,100,
27,54,100,
28,49,105,
29,82,105,
30,88,99,
31,88,87,
32,72,71,
33,72,62,
34,72,46,
35,78,40,
36,80,62,
37,103,40,
38,110,62,
39,120,72,
40,112,40,
41,133,61,
42,142,70,
43,155,83,
44,142,124,
45,155,131,
46,142,144,
47,49,144,
48,49,116,
49,56,116,
50,56,135,
51,129,135,
52,129,117,
53,137,109,
54,137,92,
55,134,89,
56,128,89,
57,123,94,
58,97,94,
59,97,121,
60,114,121,
61,114,110,
20,21,
21,22,
21,23,
23,24,
24,25,
25,26,
26,27,
27,28,
28,29,
29,30,
30,31,
31,32,
32,33,
33,34,
34,35,
33,36,
35,37,
36,38,
38,39,
37,40,
40,41,
39,41,
41,42,
42,43,
42,44,
44,46,
46,47,
47,48,
48,49,
43,45,
45,46,
49,50,
50,51,
51,52,
52,53,
53,54,
54,55,
55,56,
56,57,
57,58,
58,59,
59,60,
60,61,
